      2 71
      2 69
      2 65
      2 63
      2 63
      2 63
      2 62
      2 61
      2 61
      1 83
      1 81
      1 79
      1 78
      1 78
      1 77
      1 75
      1 75
      1 72
      1 71
      1 71
      1 71
      1 71
      1 71
      1 70
      1 70
      1 70
      1 70
      1 70
      1 70
      1 69
      1 69
      1 69
      1 69
      1 69
      1 68
      1 68
      1 68
      1 68
      1 68
      1 67
      1 67
      1 67
      1 67
      1 67
      1 66
      1 66
      1 66
      1 66
      1 66
      1 66
      1 66
      1 66
      1 65
      1 65
      1 65
      1 64
      1 64
      1 64
      1 64
      1 64
      1 64
      1 64
      1 63
      1 63
      1 63
      1 63
      1 62
      1 62
      1 62
      1 61
      1 61
      1 61
      1 59
      1 58
      1 58
      1 58
      1 58
      1 58
      1 57
      1 57
      1 56
      1 56
      1 55
      1 55
      1 55
      1 53
      1 53
      1 53
      1 53
      1 53
      1 52
      1 52
